band,wavelength,mean,stdev,stdev/mean,median,min,max
1,398.08,0.078506701402525,0.052297910417854,0.6661585505893125,0.070677705109119,3.2e-14,0.716356575489044
2,400.292,0.084524620582336,0.090636304681143,1.072306554666561,0.074517883360386,1.603e-12,4.7047381401062
3,402.503,0.100970281032468,0.537699822905522,5.325327585575594,0.078442245721817,5e-15,33.4724388122559
4,404.715,0.087900392610712,0.05062354522417,0.575919443822834,0.081991970539093,2.13e-13,1.22962963581085
5,406.927,0.067889681135201,0.078751936294072,1.1599986180114623,0.060832552611828,8.3e-14,3.49595522880554
6,409.139,0.060788293652931,0.034646257861115,0.5699495047340332,0.056553993374109,1.241e-12,1.53402769565582
7,411.351,0.060168820515531,0.031129009989638,0.5173611469017058,0.056252762675285,1.7e-13,0.284990221261978
8,413.563,0.057286549085681,0.029853421187499,0.521124446558101,0.05307712033391,4.2e-14,0.335342317819595
9,415.775,0.051517400672258,0.026167419172123,0.5079336074930134,0.047794114798307,4.5e-14,0.364974945783615
10,417.986,0.04990119304193,0.025241978228845,0.505839173176384,0.046154960989952,2.09e-13,0.245953649282455
11,420.198,0.042886170946076,0.021319219846281,0.4971117583121901,0.039852365851402,3.92e-13,0.244364082813263
12,422.41,0.0455726372817,0.022417779774896,0.49191315473634023,0.042037729173899,4.81e-13,0.217359438538551
13,424.622,0.042861794010832,0.020219595125446,0.4717393565079456,0.040017381310463,4.142e-12,0.211305946111679
14,426.834,0.045242700519499,0.021023378480262,0.46468000890444644,0.042216867208481,5.87e-13,0.197659224271774
15,429.046,0.043980621240609,0.019305534980065,0.4389554862003508,0.041288409382105,2.3265e-11,0.194059461355209
16,431.258,0.046859801306561,0.020899584162706,0.4460024067532651,0.043899841606617,1.4931e-11,0.208356618881226
17,433.469,0.046098596921848,0.020043683056902,0.43480028450502545,0.043277882039547,6.491e-12,0.217054083943367
18,435.681,0.050214266414012,0.021155464667216,0.42130386796435787,0.047369504347444,4.695e-11,0.200992718338966
19,437.893,0.048558282666738,0.019178492663139,0.39495821536283654,0.04628025367856,1.0007e-11,0.185733675956726
20,440.105,0.05553343187724,0.020625626444693,0.3714091808748141,0.053732138127089,4.74045e-10,0.197374567389488
21,442.317,0.053118380572644,0.019439651018709,0.3659684427337461,0.051632352173328,1.15722e-10,0.190252780914307
22,444.529,0.056866590426327,0.019984572615545,0.3514290634574941,0.055397868156433,2.25198e-10,0.191688746213913
23,446.741,0.05423981785534,0.018564537641729,0.34226769881936997,0.053074538707733,1.070881e-09,0.190457701683044
24,448.952,0.058619887680039,0.019416172913521,0.3312215987089398,0.057442385703325,7.3462e-11,0.202155321836472
25,451.164,0.056508294905346,0.018519796573787,0.3277358944347642,0.055412888526917,7.69396e-10,0.183833733201027
26,453.376,0.05724994623814,0.018149949969192,0.31702999149893485,0.056292042136192,0.001499457051978,0.178156778216362
27,455.588,0.059542058197342,0.018808289704165,0.31588242451794546,0.058668538928032,0.001200076309033,0.193320140242577
28,457.8,0.058883054716105,0.018128650595058,0.3078755115960325,0.057978536933661,0.002446380676702,0.178650304675102
29,460.012,0.059299862164077,0.018478310354232,0.31160798153466696,0.058548979461193,0.000725551042706,0.191730126738548
30,462.224,0.061328750513655,0.01871076881703,0.30508967915242297,0.060398451983929,0.000702653138433,0.198377400636673
31,464.435,0.061251010596612,0.018752919740869,0.30616506663657056,0.060357809066772,0.007452181074768,0.194693759083748
32,466.647,0.064024085947426,0.019380782948881,0.30271081050334275,0.063020743429661,5.8289e-11,0.192660644650459
33,468.859,0.060797761732714,0.018675060391569,0.30716690646722183,0.0598397962749,2.18e-13,0.191096946597099
34,471.071,0.061995737076533,0.018687916306571,0.30143873091630463,0.060874275863171,0.001506182714365,0.190718978643417
35,473.283,0.060945854184419,0.018680510625621,0.30650994847155216,0.059871025383472,0.004424158949405,0.190936341881752
36,475.495,0.061107340985486,0.018330993435776,0.299980217436231,0.060050345957279,0.0065897712484,0.184996396303177
37,477.707,0.062019850781951,0.018954404883422,0.3056183567751844,0.060929611325264,0.001478254329413,0.185686051845551
38,479.918,0.063416354973471,0.018936487043806,0.29860573115133643,0.062219969928265,0.00948672182858,0.189937248826027
39,482.13,0.060818948749938,0.018466915661879,0.30363753470661276,0.059713508933783,0.007998025044799,0.185073465108871
40,484.342,0.061298990557893,0.018173131591637,0.2964670613046006,0.060195151716471,0.011906582862139,0.182429537177086
41,486.554,0.061474040100014,0.018674358346954,0.30377633089629563,0.060368750244379,0.004195015411824,0.183504581451416
42,488.766,0.063694978886473,0.019120362862569,0.3001863443058558,0.062461383640766,0.007117584813386,0.193223893642426
43,490.978,0.061000565385229,0.018738257890889,0.3071817084407939,0.059741597622633,0.001043346244842,0.190532326698303
44,493.189,0.06161737119156,0.018291163931214,0.29685076752705447,0.060426227748394,0.010435803793371,0.189148783683777
45,495.401,0.062674857894703,0.01872306138537,0.29873320840751977,0.061510499566793,0.002114064525813,0.186394616961479
46,497.613,0.062832107711784,0.017859194694867,0.2842367596004988,0.061770379543304,0.009531595744193,0.186747208237648
47,499.825,0.062364906132766,0.017747216739527,0.28457056764818506,0.061474192887545,0.012006928212941,0.183481574058533
48,502.037,0.064697636165069,0.017988058819529,0.27803270545517955,0.063886672258377,0.015045189298689,0.18717035651207
49,504.249,0.064386259843006,0.018021096653659,0.2798904098110391,0.063717193901539,0.011219297535717,0.186820730566978
50,506.461,0.066878923019447,0.018291749696592,0.2735054464210367,0.06619643419981,0.012470060959458,0.190535515546799
51,508.672,0.068246219097333,0.018724003391301,0.2743595709616786,0.067715167999268,0.011561120860279,0.196019053459167
52,510.884,0.06967131302221,0.018531342209942,0.2659823879597982,0.069166705012321,0.01521425973624,0.192967250943184
53,513.096,0.07073097601106,0.018827085249158,0.26617878489636654,0.070372685790062,0.016577733680606,0.192584291100502
54,515.308,0.076434567445623,0.019715213868603,0.25793583358247923,0.076142653822899,0.0080880895257,0.202937439084053
55,517.52,0.076254982345036,0.019722222416359,0.25863519746317093,0.076073847711086,0.01522602699697,0.199855878949165
56,519.732,0.081743367792447,0.020698337301439,0.2532112128533014,0.08156019449234,0.01923711784184,0.204550236463547
57,521.944,0.083081107882093,0.021174921178254,0.25487047197667384,0.082985006272793,0.009774498641491,0.206699579954147
58,524.155,0.086948838826047,0.021726102847469,0.2498722598347176,0.086707688868046,0.019408836960793,0.211677879095078
59,526.367,0.08971054529126,0.022713615007257,0.25318779340281033,0.089440532028675,0.020194195210934,0.205741286277771
60,528.579,0.094151141557535,0.023623685571028,0.2509123647384749,0.093801952898502,0.024315003305674,0.21387480199337
61,530.791,0.097638489010779,0.024931556699228,0.2553455809468296,0.097173221409321,0.01605879701674,0.215406358242035
62,533.003,0.102552499381928,0.025962767108625,0.25316562019550554,0.102033160626888,0.028022488579154,0.223793238401413
63,535.215,0.101345522198822,0.026169067746369,0.25821631956298885,0.100801639258862,0.027913477271795,0.222421169281006
64,537.427,0.106492769962829,0.027312084786247,0.256468911417932,0.105781227350235,0.030464917421341,0.228921443223953
65,539.638,0.106380200388276,0.027854904242244,0.26184293825896804,0.105584055185318,0.027957020327449,0.231014400720596
66,541.85,0.108375386925604,0.028179802389613,0.2600203163192162,0.107454665005207,0.031282261013985,0.229057997465134
67,544.062,0.109531596873304,0.029098045477056,0.26565891767937905,0.108578510582447,0.026856021955609,0.234276965260506
68,546.274,0.112749798453301,0.029604182087132,0.2625652772177108,0.111745715141296,0.031134800985456,0.236747428774834
69,548.486,0.112678679945219,0.03017682661007,0.26781310026653726,0.11151796579361,0.029718481004238,0.239051327109337
70,550.698,0.115789714765907,0.030660657481486,0.2647960360164363,0.114590190351009,0.033297315239906,0.240219742059708
71,552.91,0.116403717861549,0.031395004133973,0.269707915784222,0.115086391568184,0.031131381168962,0.24552708864212
72,555.121,0.115602695750738,0.03081405025295,0.26655131225824624,0.114397175610065,0.031920835375786,0.241243928670883
73,557.333,0.115820744225742,0.031459387522188,0.27162135533226806,0.114471457898617,0.030924050137401,0.251173406839371
74,559.545,0.117813070614899,0.031557873462873,0.2678639415657679,0.116523772478104,0.034203313291073,0.24992872774601
75,561.757,0.114616226037943,0.031254763646404,0.2726905668317617,0.113286375999451,0.032537870109081,0.244563564658165
76,563.969,0.117397148565794,0.031497767163843,0.2683009557612075,0.11617686599493,0.033766079694033,0.244498059153557
77,566.181,0.115530563486709,0.031503498043815,0.27268540110114897,0.114246152341366,0.030783982947469,0.248314902186394
78,568.393,0.114345328320914,0.030708125471847,0.26855601293708836,0.113220378756523,0.033864308148623,0.241459429264069
79,570.604,0.111018257218545,0.030278283308605,0.2727324682191748,0.109842866659164,0.031095925718546,0.236422672867775
80,572.816,0.111274689748471,0.029960971824247,0.2692523510240449,0.110266283154488,0.027514519169927,0.234658420085907
81,575.028,0.105914076927321,0.028894119399647,0.2728071682055479,0.104963652789593,0.029367370530963,0.233719989657402
82,577.24,0.10528641835498,0.028308490108972,0.2688712423812166,0.104426831007004,0.031288724392653,0.234058693051338
83,579.452,0.104105485262142,0.028401716180781,0.27281671190777584,0.103242985904217,0.026814708486199,0.23403537273407
84,581.664,0.102937357360841,0.027651563942745,0.26862515855943364,0.102287121117115,0.028805144131184,0.234560534358025
85,583.876,0.102700749532736,0.028026201320246,0.2728918868436555,0.101941145956516,0.025908257812262,0.240667462348938
86,586.087,0.101855135345142,0.027403347972401,0.26904237944943254,0.101212225854397,0.02723996900022,0.238157421350479
87,588.299,0.098976535991163,0.026992361083981,0.27271474813374935,0.098316982388496,0.02750657312572,0.235080182552338
88,590.511,0.101781083248505,0.027393485020823,0.2691412210060691,0.101201824843884,0.026868209242821,0.234951689839363
89,592.723,0.096693415140113,0.026352439115954,0.27253602613754163,0.096167102456093,0.025070603936911,0.229365035891533
90,594.935,0.09897457803895,0.026587399145372,0.2686285677814046,0.098476551473141,0.02467317506671,0.23980051279068
91,597.147,0.098798119736972,0.026968293723025,0.2729636332636904,0.098263889551163,0.027584264054894,0.244329273700714
92,599.359,0.096640509991509,0.026067344165324,0.26973516766016986,0.096110559999943,0.027090454474092,0.229528218507767
93,601.57,0.095916003653291,0.026335877674413,0.27457229942158234,0.09549218416214,0.00754531705752,0.237810030579567
94,603.782,0.096246134451711,0.026018954359942,0.27033765572160545,0.09574268758297,0.024944683536887,0.239167734980583
95,605.994,0.096339867150179,0.026507075943694,0.27514129641027585,0.095759056508541,0.022512903437018,0.240861654281616
96,608.206,0.098143988907632,0.026606710240424,0.2710987248079436,0.097702138125896,0.023880578577518,0.24067634344101
97,610.418,0.095582902476083,0.026351647020188,0.2756941496601003,0.095090419054031,0.023841751739383,0.240519776940346
98,612.63,0.096419198725194,0.026230194068364,0.2720432695476253,0.095946028828621,0.021705215796828,0.240094557404518
99,614.842,0.093139510767309,0.025720020208996,0.27614510745340376,0.092610031366348,0.023177465423942,0.246974155306816
100,617.053,0.093332351902112,0.025427444577895,0.27243977098705907,0.092860229313374,0.022567316889763,0.233566224575043
101,619.265,0.089647913847087,0.024809060942667,0.276738854012643,0.089260317385197,0.020036017522216,0.235635221004486
102,621.477,0.088988322169316,0.024313885795575,0.2732255784002033,0.08856026083231,0.020841144025326,0.23459155857563
103,623.689,0.089511129003653,0.02493521633185,0.2785711297511662,0.089062251150608,0.020644254982471,0.241691574454308
104,625.901,0.088614643978428,0.024427732410817,0.2756624787294027,0.088157646358013,0.018948044627905,0.238531172275543
105,628.113,0.086327059294028,0.024177959846997,0.28007394257051454,0.085831440985203,0.019234111532569,0.231991901993752
106,630.325,0.086521259753407,0.02396066560101,0.276933850354236,0.086040176451206,0.020762413740158,0.23959131538868
107,632.536,0.085904099041449,0.024179710885608,0.2814733075070284,0.085350647568703,0.020433748140931,0.242413088679314
108,634.748,0.087069622647964,0.024209572708105,0.27804843953428005,0.086552545428276,0.019150199368596,0.241282060742378
109,636.96,0.088047048362579,0.024889737469627,0.2826867899890375,0.087397336959839,0.021970542147756,0.251276463270187
110,639.172,0.086655527564484,0.02422887442745,0.2795998721422622,0.086096614599228,0.019144715741277,0.234297126531601
111,641.384,0.086224192995017,0.024515269261478,0.2843200778103515,0.085640452802181,0.019548449665308,0.25245413184166
112,643.596,0.08404281043405,0.023668994333722,0.28163020978808784,0.083422221243382,0.019788261502981,0.236090838909149
113,645.808,0.084205968877776,0.024208571369289,0.2874923439741839,0.083592936396599,0.016376212239265,0.243765830993652
114,648.019,0.083574260374956,0.023878040436003,0.28571046071929507,0.082937426865101,0.000545244372915,0.24638144671917
115,650.231,0.081281377667839,0.023685767552629,0.2914046025329719,0.080597035586834,0.016054214909673,0.244429677724838
116,652.443,0.07983502510338,0.023121323616176,0.2896137827505625,0.079087011516094,0.017608212307096,0.234514310956001
117,654.655,0.07896830654065,0.023323391385875,0.2953512922791243,0.07818191498518,0.014846246689558,0.244655668735504
118,656.867,0.078910186495995,0.023125739394234,0.293064057013827,0.078029982745647,0.016762852668762,0.244456380605698
119,659.079,0.07694518433906,0.022954334074131,0.29832060669297267,0.076028406620026,0.014956871978939,0.245259508490562
120,661.291,0.074089119278855,0.022029276508578,0.2973348411075679,0.073107339441776,0.015288627706468,0.234465464949608
121,663.502,0.071922716535113,0.021953452312698,0.30523669530725006,0.07079342007637,0.00122657045722,0.238635197281837
122,665.714,0.072110728230745,0.022053329127143,0.3058259106269902,0.070795051753521,0.007958030328155,0.230489358305931
123,667.926,0.069024487157228,0.021681025651192,0.3141062910298152,0.067582964897156,0.013421871699393,0.238124549388885
124,670.138,0.068726003314038,0.021646199173786,0.31496374196059995,0.067026302218437,0.013286790810525,0.231801956892014
125,672.35,0.0657260680878,0.021257817137233,0.3234305315333301,0.0639443770051,0.01269300840795,0.230947062373161
126,674.562,0.067334246061488,0.02173812696606,0.3228390935900473,0.065415024757385,0.011925177648664,0.234586328268051
127,676.774,0.064343956045804,0.021233997205496,0.33000764190470866,0.062361378222704,0.011338850483298,0.230676367878914
128,678.985,0.065526118271358,0.021458633600167,0.3274821424840413,0.063461847603321,0.012518420815468,0.230781823396683
129,681.197,0.06534277981872,0.021789611344361,0.3334662437810537,0.063269414007664,0.003349191742018,0.242757767438889
130,683.409,0.065361155237148,0.021463981481578,0.32839048520028224,0.063247300684452,0.010468233376741,0.232873782515526
131,685.621,0.06537673396155,0.021740059874979,0.3325351169693637,0.063444070518017,0.000636764569208,0.237018615007401
132,687.833,0.067411869947821,0.021673177494178,0.32150387626027505,0.065554708242416,0.012447213754058,0.23916357755661
133,690.045,0.068499889435357,0.021700171329257,0.3167913336522294,0.066999062895775,0.012329238466918,0.237120538949966
134,692.257,0.074229504281617,0.022412450245074,0.30193452673540844,0.073031760752201,0.014197276905179,0.240312740206718
135,694.468,0.080735939489336,0.023963207474652,0.29680966898040717,0.079763069748878,0.016746940091252,0.255921751260757
136,696.68,0.090077122768621,0.025621860218243,0.28444359045589496,0.089346133172512,0.019195001572371,0.261632114648819
137,698.892,0.09951794229955,0.028397962665112,0.2853552033826609,0.098754562437534,0.023847354575992,0.269451558589935
138,701.104,0.108754987847336,0.030434695370688,0.27984643254625224,0.107924893498421,0.027387034147978,0.280959904193878
139,703.316,0.11972703590113,0.034218925936557,0.2858078434750095,0.11847035586834,0.031341414898634,0.300475418567657
140,705.528,0.133081134113897,0.03765890809572,0.2829770601706006,0.131621703505516,0.037609424442053,0.303339183330536
141,707.74,0.140916390474913,0.041161473800276,0.2920985533446791,0.138683095574379,0.042068086564541,0.315004497766495
142,709.951,0.152896929441321,0.044132260984539,0.288640596941982,0.150400936603546,0.046395573765039,0.329796403646469
143,712.163,0.164849061072635,0.049365102522763,0.29945637664876956,0.161305814981461,0.049800965934992,0.385246098041534
144,714.375,0.176829703153022,0.051978890822942,0.29394886659941605,0.173188135027885,0.05499330163002,0.392046928405762
145,716.587,0.179747513007597,0.054729850938267,0.3044818257705399,0.175184786319733,0.056337643414736,0.411089599132538
146,718.799,0.189907090533702,0.056688905176924,0.2985086287068553,0.185481086373329,0.060242652893066,0.418108463287354
147,721.011,0.201215692650477,0.062004766462995,0.3081507493091047,0.195775106549263,0.066394619643688,0.455099135637283
148,723.223,0.209475754331174,0.06295465327903,0.3005343194969517,0.204054117202759,0.074363976716995,0.466158151626587
149,725.434,0.20943552634391,0.065023964426692,0.3104724664521215,0.203061565756798,0.075689315795898,0.476520448923111
150,727.646,0.225379001291858,0.06815873058094,0.3024182829378892,0.219176948070526,0.083111137151718,0.505126237869263
151,729.858,0.230517122965736,0.071868756987013,0.31177188081466534,0.223109036684036,0.082194082438946,0.524922311306
152,732.07,0.237082009844149,0.071902422808195,0.303280805049112,0.230010822415352,0.085450634360313,0.522921919822693
153,734.282,0.241330188069676,0.075353794650883,0.31224355002419807,0.23322930932045,0.087802663445473,0.552468180656433
154,736.494,0.250028015015756,0.075883365893713,0.3034994534069755,0.24234738945961,0.102455720305443,0.563632309436798
155,738.706,0.250890730666534,0.078211966995822,0.31173717254534905,0.242767438292503,0.093624658882618,0.565479397773743
156,740.917,0.254734899215107,0.077328646316202,0.30356518307647745,0.246811270713806,0.091789230704308,0.581506729125977
157,743.129,0.254239524072921,0.079184366124065,0.31145576759872057,0.245834112167358,0.096517786383629,0.581056296825409
158,745.341,0.256780107200024,0.077871907125282,0.3032630057460881,0.24885106086731,0.09778593480587,0.581521213054657
159,747.553,0.267020595576398,0.08301733539227,0.3109023677108745,0.258428931236267,0.106297336518764,0.622567236423492
160,749.765,0.265545454366211,0.080494811118832,0.30313006604068027,0.257312685251236,0.101928368210793,0.60593581199646
161,751.977,0.269772330167999,0.083872713710546,0.31090183955602413,0.261050701141357,0.106280945241451,0.62226927280426
162,754.189,0.269074034316366,0.081546712984365,0.3030642224232078,0.260704308748245,0.107822582125664,0.606384992599487
163,756.4,0.277373826251478,0.086226283354102,0.3108666903413081,0.26823166012764,0.104284308850765,0.641931891441345
164,758.612,0.279227928717661,0.084549609962288,0.3027978266736335,0.270400881767273,0.111701399087906,0.63316422700882
165,760.824,0.275889266103521,0.086209507558552,0.31247865774598094,0.266307651996613,0.110139288008213,0.632801473140717
166,763.036,0.268917698053615,0.082280732242665,0.3059699411314328,0.260640561580658,0.110239692032337,0.627053558826447
167,765.248,0.264019221047016,0.082011652624565,0.3106275834741613,0.255484253168106,0.104220762848854,0.630261242389679
168,767.46,0.288539737303628,0.087474446708374,0.30316256445581136,0.279509693384171,0.116107322275639,0.66446590423584
169,769.672,0.266772624383644,0.082544393937474,0.3094185324606899,0.257550567388535,0.106687895953655,0.614925742149353
170,771.883,0.282368975443419,0.08469589646848,0.2999475998929328,0.273639500141144,0.116581112146378,0.635100901126862
171,774.095,0.280972671040006,0.08658903148348,0.308175991504708,0.271109133958817,0.117926672101021,0.640147864818573
172,776.307,0.283648058204461,0.085150023329141,0.30019603824596824,0.274579733610153,0.120698191225529,0.660545229911804
173,778.519,0.283824956934502,0.087529757059106,0.30839344786478784,0.273974359035492,0.116064548492432,0.638967573642731
174,780.731,0.28448896561443,0.085183301905489,0.2994256797324736,0.275642186403275,0.121095955371857,0.637396156787872
175,782.943,0.280598433318488,0.086221948974752,0.3072787968024304,0.270970702171326,0.117809794843197,0.646356761455536
176,785.155,0.283439121787397,0.084632724478591,0.2985922477634284,0.274913966655731,0.120816260576248,0.632782220840454
177,787.366,0.281377850542668,0.086299325253904,0.3067026245579256,0.271917670965195,0.123387932777405,0.644190311431885
178,789.578,0.279134089881122,0.083154948812852,0.2979032365708758,0.270610094070435,0.119360640645027,0.622030794620514
179,791.79,0.280063640838876,0.085742059071058,0.30615205463384815,0.270734518766403,0.118786357343197,0.633820235729218
180,794.002,0.283719995040053,0.084380428235922,0.29740740769437113,0.275127828121185,0.126066878437996,0.643355906009674
181,796.214,0.285127312037006,0.087195830695254,0.3058136734510269,0.275559455156326,0.115197584033012,0.654763281345367
182,798.426,0.283519628422576,0.084149578560276,0.29680336077068364,0.275057315826416,0.123289756476879,0.637289583683014
183,800.638,0.285114641506831,0.086898615443238,0.30478482263828605,0.275442451238632,0.124515354633331,0.645228326320648
184,802.849,0.293017936964116,0.086588271874753,0.2955050218832061,0.284091383218765,0.150000542402267,0.66068160533905
185,805.061,0.280050011597665,0.084998455602373,0.3035117017759184,0.270596086978912,0.120817624032497,0.626982033252716
186,807.273,0.291599184410072,0.086058675382827,0.295126598371427,0.282978802919388,0.127731263637543,0.643239259719849
187,809.485,0.283525530495005,0.085842546794935,0.3027683138271999,0.27439147233963,0.124485395848751,0.657910585403442
188,811.697,0.287816366815564,0.084964435005194,0.29520362564940644,0.279678881168365,0.127333998680115,0.641541600227356
189,813.909,0.285050804993515,0.086055344731314,0.3018947612979791,0.276116490364075,0.121237069368362,0.642650425434113
190,816.121,0.299260677774626,0.088634228281399,0.29617732921179063,0.290814697742462,0.113379910588264,0.667764067649841
191,818.332,0.285831532669097,0.086218552253992,0.30164115011693254,0.277407348155975,0.118863202631474,0.662406384944916
192,820.544,0.282504398238712,0.083760193432306,0.2964916438629387,0.27432969212532,0.118177138268948,0.626567006111145
193,822.756,0.281051220017787,0.084411125872356,0.3003407203392102,0.272887855768204,0.116605140268803,0.62806636095047
194,824.968,0.287869353337386,0.085042716962454,0.29542122485953903,0.27965846657753,0.123076155781746,0.641668558120728
195,827.18,0.280872317730188,0.084204492176352,0.2997963375559162,0.272772014141083,0.115058459341526,0.630888223648071
196,829.392,0.30049214176394,0.0885586275555,0.2947119583082798,0.29202789068222,0.130457639694214,0.645779430866241
197,831.604,0.288783155918312,0.086194577285988,0.29847508595816385,0.280615895986557,0.116916313767433,0.646314918994904
198,833.815,0.309683154670139,0.090987545099525,0.2938085062987716,0.301017314195633,0.132088035345078,0.69002240896225
199,836.027,0.291776794333889,0.087170714119488,0.2987582145403103,0.283423274755478,0.119204670190811,0.656926870346069
200,838.239,0.298213960251157,0.087499659058171,0.2934123505971298,0.289858907461166,0.124578475952148,0.649379134178162
201,840.451,0.284056807827322,0.084634010453512,0.2979474813536628,0.275787383317947,0.119263961911201,0.64523845911026
202,842.663,0.290609099512017,0.085142891425947,0.2929808170801143,0.282601714134216,0.12558975815773,0.637104332447052
203,844.875,0.289340126501082,0.086119033360861,0.2976394404823037,0.280990213155746,0.122295528650284,0.645365118980408
204,847.087,0.279884624953917,0.081870106617023,0.2925137693094178,0.272367775440216,0.122783534228802,0.616698563098907
205,849.298,0.291432547691696,0.086383120706987,0.2964086248814287,0.283270835876465,0.121474966406822,0.655465483665466
206,851.51,0.292587914828457,0.085401959347255,0.2918847806729331,0.284590274095535,0.121550604701042,0.634339153766632
207,853.722,0.290406377409248,0.085843585548584,0.2955981418672877,0.282558172941208,0.114215344190598,0.646589934825897
208,855.934,0.295167342676789,0.086036798481925,0.29148481570380264,0.287234544754028,0.121795438230038,0.636790871620178
209,858.146,0.303469642616248,0.089533560155325,0.29503300357638906,0.295130223035812,0.116123281419277,0.670084953308105
210,860.358,0.310946850895033,0.090280695133599,0.2903412427999641,0.302781313657761,0.122443966567516,0.675473213195801
211,862.57,0.29194510454636,0.085839153037094,0.2940249783276054,0.283951342105865,0.111809022724628,0.641065120697021
212,864.781,0.303200692048142,0.087905790260424,0.28992608712933404,0.295055478811264,0.129212766885757,0.653696715831757
213,866.993,0.294977331214422,0.086776912994262,0.29418163299871675,0.287034571170807,0.108467303216457,0.644426345825195
214,869.205,0.298065889482681,0.086540010171805,0.2903385232104306,0.290358126163483,0.116819001734257,0.643759965896606
215,871.417,0.287717495777355,0.084611439197614,0.29407818585731416,0.279844105243683,0.111263982951641,0.633837699890137
216,873.629,0.293140453308041,0.084847691481518,0.289443816177624,0.28539103269577,0.121013335883617,0.63809597492218
217,875.841,0.298221123585836,0.087279460505292,0.292666929343691,0.290499597787857,0.109767898917198,0.633872509002686
218,878.053,0.295878416243245,0.08529756838655,0.2882858758998693,0.288193702697754,0.118552438914776,0.636823058128357
219,880.264,0.299291583534938,0.087411535598624,0.2920614558090971,0.291474401950836,0.109889149665833,0.653467535972595
220,882.476,0.299458420747054,0.086363435412165,0.28839875397965287,0.292049556970596,0.115043245255947,0.633703947067261
221,884.688,0.289608790334995,0.084490069136101,0.2917386210493474,0.28242015838623,0.106664024293423,0.64078164100647
222,886.9,0.296373222024045,0.085276948957774,0.28773499972563454,0.288844168186188,0.117803797125816,0.633045017719269
223,889.112,0.313406370730764,0.091341046752582,0.29144604348534375,0.30543640255928,0.116228893399239,0.693821847438812
224,891.324,0.29162421849843,0.084074693261807,0.2882980490945049,0.284306675195694,0.034334976226091,0.629423856735229
225,893.536,0.29063932425767,0.084555463920137,0.29092919251757304,0.28337687253952,0.095982581377029,0.627140760421753
226,895.747,0.301402838911524,0.086609945719178,0.2873561046470505,0.293902099132538,0.113487005233765,0.646081924438477
227,897.959,0.290633418662909,0.084626532590027,0.29117963439772576,0.283558905124664,0.098655924201012,0.638460338115692
228,900.171,0.284488420822198,0.081986266824119,0.2881884140914103,0.27758800983429,0.099600687623024,0.611464262008667
229,902.383,0.283579741058946,0.082339428413764,0.2903572311135181,0.276699393987656,0.083042226731777,0.617563962936401
230,904.595,0.299236836640715,0.085189327575132,0.28468863837581726,0.291735172271729,0.086293764412403,0.649951934814453
231,906.807,0.269968008159423,0.078090274138827,0.2892575111815201,0.263417840003967,0.081065326929092,0.582805156707764
232,909.019,0.297217416945279,0.084586575870457,0.2845949498512408,0.290323436260223,0.077664852142334,0.663249790668488
233,911.23,0.271240393330598,0.078381447563219,0.28897409637540505,0.264886260032654,0.042391080409288,0.600583851337433
234,913.442,0.290619573777396,0.082349241609101,0.2833575197250049,0.284099996089935,0.043882634490728,0.641654789447784
235,915.654,0.276650087646687,0.079673261606745,0.2879929020969501,0.270609349012375,0.054410289973021,0.601421773433685
236,917.866,0.295300873336983,0.083368881946845,0.28231844018865626,0.288725197315216,0.046775802969933,0.657471537590027
237,920.078,0.2850021918191,0.082056440854258,0.2879151220926113,0.278249740600586,0.054214339703321,0.608038604259491
238,922.29,0.292083979681507,0.082341296692545,0.2819096644134035,0.285606384277344,0.051011625677347,0.615159690380096
239,924.502,0.288723860924662,0.083067156309187,0.28770450784066676,0.282035022974014,0.040158353745937,0.640326797962189
240,926.713,0.309448733283752,0.087156533211041,0.2816509613278073,0.302650421857834,0.065965250134468,0.673299908638
241,928.925,0.28758633290358,0.082292039512984,0.2861472542249576,0.281469851732254,0.029082620516419,0.613471865653992
242,931.137,0.307390522569108,0.087870957578191,0.2858609850550474,0.300850391387939,0.055281337350607,0.691052496433258
243,933.349,0.302518156107322,0.086513312100833,0.28597725575896127,0.296969354152679,0.034310318529606,0.679490447044373
244,935.561,0.30406586017843,0.091185297964474,0.29988666899652994,0.298093557357788,1.814021e-09,0.660947322845459
245,937.773,0.295312752138761,0.089750591150859,0.3039170862106461,0.291480839252472,4.33988e-10,0.656235456466675
246,939.985,0.265440976965421,0.080326382471788,0.30261485393135856,0.260828882455826,2.15711e-10,0.583182573318481
247,942.196,0.261739078312275,0.07763544776749,0.29661389605286564,0.256915152072906,0.00559753831476,0.555835068225861
248,944.408,0.303905611148962,0.088570365024537,0.2914403741664495,0.299040824174881,0.008615732192993,0.648939669132233
249,946.62,0.309268925642343,0.08926203119979,0.2886226962970665,0.304269462823868,0.026299806311727,0.648283123970032
250,948.832,0.291593172625817,0.086939890539465,0.29815475361293675,0.28679832816124,2.96584e-10,0.63412219285965
251,951.044,0.275439311326274,0.082334046181164,0.298919009725647,0.271738201379776,2.8303e-10,0.606901586055756
252,953.256,0.304653435919577,0.092058960584226,0.3021760129057855,0.299757361412048,7.93511e-10,0.652019739151001
253,955.468,0.271861961177204,0.081319577106751,0.2991208360103957,0.267870336771011,5.43878e-10,0.592265844345093
254,957.679,0.302209944211673,0.09088425793443,0.3007321885833549,0.297418311238289,1.760649e-09,0.665885210037231
255,959.891,0.285672786115847,0.084097751712159,0.29438488998407913,0.281296387314796,0.012839724309742,0.628307402133942
256,962.103,0.305316513676808,0.090933637314463,0.2978339960042926,0.300351023674011,0.008188935928047,0.650320053100586
257,964.315,0.276830589355793,0.081901136520182,0.2958529139094509,0.272816032171249,1.91416e-10,0.616339504718781
258,966.527,0.28072383475854,0.082556541075893,0.2940845445022602,0.276266276836395,1.05321e-10,0.602279365062714
259,968.739,0.270480884280746,0.079730208056883,0.29477206224350744,0.266206234693527,9.15847e-10,0.569707870483398
260,970.951,0.289973730325634,0.083552570503157,0.28813841312221394,0.285281002521515,0.005305246915668,0.629895865917206
261,973.162,0.295930489720965,0.085222111837169,0.28798016695584683,0.29150715470314,4.77422e-10,0.639096617698669
262,975.374,0.274430988735439,0.079582975662694,0.2899926718531585,0.270220458507538,5.84364e-10,0.574273109436035
263,977.586,0.305268549736475,0.087899705890902,0.2879422264978884,0.301344066858292,3.81296e-10,0.634742856025696
264,979.798,0.302397606263342,0.087030271812262,0.2878007960700323,0.297264337539673,7.41607e-10,0.621063470840454
265,982.01,0.300232486386633,0.085851228957904,0.28594916556546984,0.295860588550568,2.74807e-10,0.622104942798615
266,984.222,0.285295224712666,0.082056399126047,0.2876192519825377,0.281238421797752,2.04635e-09,0.614824056625366
267,986.434,0.276587483245355,0.079472059356813,0.2873306428198524,0.272388398647308,0.010200471617281,0.589306056499481
268,988.645,0.292455386577358,0.084999948519207,0.2906424446954869,0.288116157054901,1.58598e-09,0.616018891334534
269,990.857,0.295614762975016,0.084854928737069,0.28704563968018254,0.291412025690079,0.008424658328295,0.637790501117706
270,993.069,0.294396796726248,0.084127242314939,0.2857614051866425,0.289803862571716,4.083337e-09,0.641582548618317
271,995.281,0.292254654118739,0.082539873901663,0.2824244977400024,0.288138270378113,0.008158730342984,0.6058309674263
272,997.493,0.314331206006648,0.090080725699391,0.2865790095861046,0.309473723173141,5.08077e-10,0.661943018436432
273,999.705,0.269721937444764,0.075996604929495,0.2817590799230346,0.265985861420631,1.807451e-09,0.569810926914215
274,1001.92,0.306632284604693,0.088564189531562,0.2888286523571319,0.302369475364685,0.008853896521032,0.68761134147644
